3 1 568 193 150 489 -1 -1 -1 0 
3 2 172 103 149 433 -1 -1 -1 0 
3 3 369 112 121 403 -1 -1 -1 0 
4 1 569 193 152 485 -1 -1 -1 0 
4 2 171 104 151 435 -1 -1 -1 0 
4 3 368 110 121 405 -1 -1 -1 0 
5 1 571 192 152 484 -1 -1 -1 0 
5 2 170 104 152 436 -1 -1 -1 0 
5 3 369 108 122 405 -1 -1 -1 0 
6 1 570 195 157 482 -1 -1 -1 0 
6 2 170 105 152 434 -1 -1 -1 0 
6 3 369 108 121 402 -1 -1 -1 0 
7 1 571 198 157 480 -1 -1 -1 0 
7 2 171 105 150 430 -1 -1 -1 0 
7 3 365 113 125 396 -1 -1 -1 0 
8 1 571 194 158 487 -1 -1 -1 0 
8 2 171 104 149 430 -1 -1 -1 0 
8 3 365 114 124 394 -1 -1 -1 0 
9 1 567 202 166 479 -1 -1 -1 0 
9 2 171 102 150 434 -1 -1 -1 0 
10 1 568 203 170 479 -1 -1 -1 0 
10 2 172 100 148 439 -1 -1 -1 0 
10 3 363 111 123 399 -1 -1 -1 0 
11 1 570 209 173 472 -1 -1 -1 0 
11 2 170 98 151 441 -1 -1 -1 0 
11 3 361 111 123 400 -1 -1 -1 0 
12 1 574 220 169 451 -1 -1 -1 0 
12 2 170 99 150 441 -1 -1 -1 0 
12 3 361 112 122 403 -1 -1 -1 0 
13 1 578 227 165 436 -1 -1 -1 0 
13 2 170 101 148 444 -1 -1 -1 0 
13 3 358 112 124 406 -1 -1 -1 0 
14 1 590 224 152 428 -1 -1 -1 0 
14 2 170 104 145 439 -1 -1 -1 0 
14 3 358 113 122 405 -1 -1 -1 0 
15 1 596 225 151 409 -1 -1 -1 0 
15 2 170 102 147 445 -1 -1 -1 0 
15 3 359 115 123 402 -1 -1 -1 0 
16 1 598 221 150 422 -1 -1 -1 0 
16 2 170 105 146 441 -1 -1 -1 0 
16 3 359 115 123 402 -1 -1 -1 0 
17 1 596 222 153 421 -1 -1 -1 0 
17 2 169 104 149 442 -1 -1 -1 0 
17 3 359 115 124 403 -1 -1 -1 0 
18 1 596 227 152 424 -1 -1 -1 0 
18 2 168 106 151 437 -1 -1 -1 0 
18 3 358 115 124 400 -1 -1 -1 0 
19 1 592 228 157 429 -1 -1 -1 0 
19 2 168 106 150 438 -1 -1 -1 0 
19 3 356 116 126 398 -1 -1 -1 0 
20 1 597 226 152 433 -1 -1 -1 0 
20 2 168 107 149 438 -1 -1 -1 0 
20 3 357 117 123 399 -1 -1 -1 0 
21 1 588 215 169 444 -1 -1 -1 0 
21 2 168 109 149 434 -1 -1 -1 0 
21 3 356 117 125 401 -1 -1 -1 0 
22 1 600 224 149 438 -1 -1 -1 0 
22 2 168 108 149 437 -1 -1 -1 0 
22 3 355 117 123 398 -1 -1 -1 0 
23 1 589 215 169 448 -1 -1 -1 0 
23 2 167 107 149 440 -1 -1 -1 0 
23 3 354 116 124 397 -1 -1 -1 0 
24 1 588 212 169 451 -1 -1 -1 0 
24 2 167 106 149 442 -1 -1 -1 0 
24 3 354 116 123 396 -1 -1 -1 0 
25 1 592 218 162 439 -1 -1 -1 0 
25 2 166 105 148 444 -1 -1 -1 0 
25 3 354 118 123 394 -1 -1 -1 0 
26 1 597 224 158 429 -1 -1 -1 0 
26 2 166 100 149 452 -1 -1 -1 0 
26 3 354 116 125 396 -1 -1 -1 0 
27 1 600 223 157 429 -1 -1 -1 0 
27 2 166 100 150 452 -1 -1 -1 0 
27 3 354 116 124 396 -1 -1 -1 0 
28 1 602 220 156 438 -1 -1 -1 0 
28 2 166 100 150 451 -1 -1 -1 0 
28 3 354 116 124 398 -1 -1 -1 0 
29 1 601 218 157 440 -1 -1 -1 0 
29 2 166 101 150 446 -1 -1 -1 0 
29 3 353 114 125 400 -1 -1 -1 0 
30 1 597 210 163 449 -1 -1 -1 0 
30 2 166 100 150 446 -1 -1 -1 0 
30 3 351 113 128 401 -1 -1 -1 0 
31 1 595 206 170 452 -1 -1 -1 0 
31 2 168 95 152 445 -1 -1 -1 0 
31 3 350 113 128 401 -1 -1 -1 0 
32 1 590 203 177 456 -1 -1 -1 0 
32 2 169 92 152 446 -1 -1 -1 0 
33 1 593 202 174 453 -1 -1 -1 0 
33 2 169 91 153 446 -1 -1 -1 0 
34 1 588 205 184 450 -1 -1 -1 0 
34 2 170 89 152 449 -1 -1 -1 0 
35 1 596 202 174 447 -1 -1 -1 0 
35 2 169 90 154 449 -1 -1 -1 0 
36 1 600 203 172 456 -1 -1 -1 0 
36 2 173 91 144 449 -1 -1 -1 0 
36 3 352 103 124 416 -1 -1 -1 0 
37 1 613 206 160 457 -1 -1 -1 0 
37 2 174 92 145 446 -1 -1 -1 0 
37 3 351 109 124 412 -1 -1 -1 0 
38 1 618 217 157 460 -1 -1 -1 0 
38 2 172 91 149 446 -1 -1 -1 0 
38 3 350 109 125 410 -1 -1 -1 0 
39 1 615 228 162 451 -1 -1 -1 0 
39 2 173 92 149 446 -1 -1 -1 0 
39 3 350 109 125 410 -1 -1 -1 0 
40 1 606 228 171 440 -1 -1 -1 0 
40 2 178 94 140 445 -1 -1 -1 0 
41 1 595 234 186 424 -1 -1 -1 0 
41 2 177 98 144 439 -1 -1 -1 0 
42 1 587 219 199 429 -1 -1 -1 0 
42 2 177 98 145 440 -1 -1 -1 0 
43 1 571 209 225 431 -1 -1 -1 0 
43 2 173 93 154 446 -1 -1 -1 0 
44 1 565 210 214 420 -1 -1 -1 0 
44 2 177 97 147 442 -1 -1 -1 0 
45 1 549 196 235 417 -1 -1 -1 0 
45 2 176 99 149 438 -1 -1 -1 0 
46 1 564 179 210 436 -1 -1 -1 0 
46 2 178 97 144 438 -1 -1 -1 0 
47 1 544 172 237 446 -1 -1 -1 0 
47 2 176 99 148 434 -1 -1 -1 0 
48 1 533 163 253 463 -1 -1 -1 0 
48 2 177 99 146 435 -1 -1 -1 0 
49 1 560 168 218 468 -1 -1 -1 0 
49 2 176 95 147 441 -1 -1 -1 0 
50 1 566 176 228 463 -1 -1 -1 0 
50 2 179 102 144 433 -1 -1 -1 0 
51 1 575 204 219 431 -1 -1 -1 0 
51 2 180 105 143 429 -1 -1 -1 0 
52 1 575 205 221 430 -1 -1 -1 0 
52 2 180 104 144 432 -1 -1 -1 0 
53 2 179 107 145 427 -1 -1 -1 0 
54 2 179 108 144 425 -1 -1 -1 0 
55 2 180 106 141 426 -1 -1 -1 0 
56 1 575 214 204 430 -1 -1 -1 0 
56 2 181 100 138 436 -1 -1 -1 0 
56 3 352 100 119 416 -1 -1 -1 0 
57 1 567 220 215 434 -1 -1 -1 0 
57 2 176 94 145 442 -1 -1 -1 0 
57 3 353 102 118 414 -1 -1 -1 0 
58 1 574 226 201 436 -1 -1 -1 0 
58 2 179 95 140 442 -1 -1 -1 0 
58 3 353 102 118 414 -1 -1 -1 0 
59 1 575 223 199 437 -1 -1 -1 0 
59 2 180 92 137 450 -1 -1 -1 0 
60 1 584 218 178 451 -1 -1 -1 0 
60 2 178 92 140 453 -1 -1 -1 0 
61 1 574 206 191 465 -1 -1 -1 0 
61 2 169 97 147 450 -1 -1 -1 0 
61 3 353 98 125 418 -1 -1 -1 0 
62 1 588 202 169 460 -1 -1 -1 0 
62 2 168 101 145 445 -1 -1 -1 0 
62 3 354 98 125 414 -1 -1 -1 0 
63 1 590 193 175 462 -1 -1 -1 0 
63 2 163 100 150 445 -1 -1 -1 0 
63 3 353 99 128 416 -1 -1 -1 0 
64 1 584 189 195 455 -1 -1 -1 0 
64 2 162 102 151 439 -1 -1 -1 0 
64 3 352 100 130 415 -1 -1 -1 0 
65 1 582 187 202 460 -1 -1 -1 0 
65 2 162 102 151 440 -1 -1 -1 0 
65 3 352 102 129 413 -1 -1 -1 0 
65 5 936 223 155 270 -1 -1 -1 0 
66 1 590 188 193 467 -1 -1 -1 0 
66 2 162 102 150 442 -1 -1 -1 0 
66 3 353 103 126 412 -1 -1 -1 0 
66 5 936 223 154 270 -1 -1 -1 0 
67 1 589 189 200 471 -1 -1 -1 0 
67 2 163 102 147 442 -1 -1 -1 0 
67 3 352 103 127 414 -1 -1 -1 0 
67 5 935 223 155 270 -1 -1 -1 0 
68 1 589 191 203 467 -1 -1 -1 0 
68 2 162 102 149 443 -1 -1 -1 0 
68 3 352 104 124 414 -1 -1 -1 0 
68 5 931 220 159 273 -1 -1 -1 0 
69 1 567 194 237 459 -1 -1 -1 0 
69 2 161 102 150 443 -1 -1 -1 0 
69 3 353 103 123 416 -1 -1 -1 0 
69 5 928 215 161 278 -1 -1 -1 0 
70 1 566 199 236 452 -1 -1 -1 0 
70 2 160 102 152 445 -1 -1 -1 0 
70 3 352 101 125 418 -1 -1 -1 0 
70 5 927 213 162 280 -1 -1 -1 0 
71 1 577 205 219 452 -1 -1 -1 0 
71 2 161 104 152 446 -1 -1 -1 0 
71 3 352 103 127 417 -1 -1 -1 0 
71 5 925 211 164 283 -1 -1 -1 0 
72 1 580 205 219 459 -1 -1 -1 0 
72 2 160 105 153 447 -1 -1 -1 0 
72 3 352 101 127 420 -1 -1 -1 0 
72 5 925 209 164 285 -1 -1 -1 0 
73 1 585 205 219 461 -1 -1 -1 0 
73 2 161 108 152 442 -1 -1 -1 0 
73 3 352 100 126 419 -1 -1 -1 0 
73 5 926 211 163 285 -1 -1 -1 0 
74 1 589 205 217 462 -1 -1 -1 0 
74 2 161 108 151 440 -1 -1 -1 0 
74 3 352 100 125 418 -1 -1 -1 0 
74 5 928 209 161 287 -1 -1 -1 0 
75 1 596 201 209 454 -1 -1 -1 0 
75 2 163 107 150 438 -1 -1 -1 0 
75 3 351 101 127 417 -1 -1 -1 0 
75 5 929 210 159 286 -1 -1 -1 0 
76 1 601 202 203 456 -1 -1 -1 0 
76 2 163 108 149 436 -1 -1 -1 0 
76 3 351 102 126 417 -1 -1 -1 0 
76 5 930 209 158 287 -1 -1 -1 0 
77 1 600 205 202 454 -1 -1 -1 0 
77 2 162 106 148 440 -1 -1 -1 0 
77 3 350 101 127 418 -1 -1 -1 0 
77 5 929 210 161 284 -1 -1 -1 0 
78 1 599 207 196 454 -1 -1 -1 0 
78 2 163 106 147 439 -1 -1 -1 0 
78 3 351 103 125 416 -1 -1 -1 0 
78 5 929 210 161 284 -1 -1 -1 0 
79 1 605 204 183 463 -1 -1 -1 0 
79 2 164 106 148 439 -1 -1 -1 0 
79 3 350 100 125 423 -1 -1 -1 0 
80 1 597 203 198 451 -1 -1 -1 0 
80 2 166 106 146 437 -1 -1 -1 0 
80 3 350 100 125 423 -1 -1 -1 0 
81 1 598 202 199 447 -1 -1 -1 0 
81 2 164 106 149 440 -1 -1 -1 0 
81 3 350 104 127 417 -1 -1 -1 0 
82 1 601 204 202 446 -1 -1 -1 0 
82 2 164 105 149 443 -1 -1 -1 0 
82 3 351 102 126 421 -1 -1 -1 0 
83 1 613 207 188 438 -1 -1 -1 0 
83 2 164 105 149 444 -1 -1 -1 0 
83 3 351 102 126 422 -1 -1 -1 0 
84 1 624 210 175 430 -1 -1 -1 0 
84 2 168 105 142 440 -1 -1 -1 0 
84 3 352 106 125 420 -1 -1 -1 0 
85 1 618 201 181 443 -1 -1 -1 0 
85 2 168 110 141 432 -1 -1 -1 0 
85 3 352 107 124 420 -1 -1 -1 0 
86 1 608 196 187 449 -1 -1 -1 0 
86 2 167 113 143 427 -1 -1 -1 0 
86 3 352 108 123 419 -1 -1 -1 0 
87 1 594 190 200 458 -1 -1 -1 0 
87 2 166 113 144 429 -1 -1 -1 0 
87 3 352 111 125 416 -1 -1 -1 0 
88 1 582 200 210 453 -1 -1 -1 0 
88 2 166 112 145 426 -1 -1 -1 0 
88 3 354 112 122 412 -1 -1 -1 0 
89 1 578 190 206 438 -1 -1 -1 0 
89 2 168 112 144 423 -1 -1 -1 0 
89 3 354 112 122 412 -1 -1 -1 0 
90 1 580 187 193 410 -1 -1 -1 0 
90 2 168 112 143 424 -1 -1 -1 0 
91 1 587 192 188 406 -1 -1 -1 0 
91 2 170 114 142 420 -1 -1 -1 0 
92 1 597 192 186 387 -1 -1 -1 0 
92 2 170 114 142 421 -1 -1 -1 0 
93 1 600 198 177 388 -1 -1 -1 0 
93 2 169 114 145 422 -1 -1 -1 0 
94 1 545 195 254 422 -1 -1 -1 0 
94 2 162 110 155 427 -1 -1 -1 0 
95 1 545 201 258 422 -1 -1 -1 0 
95 2 161 107 156 430 -1 -1 -1 0 
95 3 350 114 123 410 -1 -1 -1 0 
96 1 579 205 208 435 -1 -1 -1 0 
96 2 162 103 155 433 -1 -1 -1 0 
96 3 350 114 122 410 -1 -1 -1 0 
97 1 547 210 264 434 -1 -1 -1 0 
97 2 162 103 154 430 -1 -1 -1 0 
98 1 520 218 304 419 -1 -1 -1 0 
98 2 163 103 153 428 -1 -1 -1 0 
99 1 574 217 222 403 -1 -1 -1 0 
99 2 159 99 160 432 -1 -1 -1 0 
99 3 350 115 119 406 -1 -1 -1 0 
100 1 569 221 246 410 -1 -1 -1 0 
100 2 160 101 154 435 -1 -1 -1 0 
100 3 354 137 115 386 -1 -1 -1 0 
101 1 559 225 266 419 -1 -1 -1 0 
101 2 161 100 149 441 -1 -1 -1 0 
101 3 355 139 115 386 -1 -1 -1 0 
102 1 582 229 237 428 -1 -1 -1 0 
102 2 160 99 149 444 -1 -1 -1 0 
102 3 355 144 116 383 -1 -1 -1 0 
103 1 595 221 226 447 -1 -1 -1 0 
103 2 158 99 153 446 -1 -1 -1 0 
103 3 355 144 117 383 -1 -1 -1 0 
104 1 607 215 220 462 -1 -1 -1 0 
104 2 160 100 148 446 -1 -1 -1 0 
104 3 355 147 115 379 -1 -1 -1 0 
105 1 609 213 229 465 -1 -1 -1 0 
105 2 160 108 149 436 -1 -1 -1 0 
105 3 355 147 115 378 -1 -1 -1 0 
106 1 606 211 236 461 -1 -1 -1 0 
106 2 162 114 147 429 -1 -1 -1 0 
106 3 354 148 115 377 -1 -1 -1 0 
106 5 919 211 163 292 -1 -1 -1 0 
107 1 611 209 230 455 -1 -1 -1 0 
107 2 161 118 148 426 -1 -1 -1 0 
107 3 355 150 114 376 -1 -1 -1 0 
107 5 918 212 163 292 -1 -1 -1 0 
108 1 614 209 224 446 -1 -1 -1 0 
108 2 159 117 148 426 -1 -1 -1 0 
108 3 349 131 122 399 -1 -1 -1 0 
109 1 617 207 231 450 -1 -1 -1 0 
109 2 163 115 141 427 -1 -1 -1 0 
109 3 347 125 124 405 -1 -1 -1 0 
110 1 624 202 223 458 -1 -1 -1 0 
110 2 163 113 140 429 -1 -1 -1 0 
110 3 347 118 124 409 -1 -1 -1 0 
111 1 626 197 222 463 -1 -1 -1 0 
111 2 164 109 139 432 -1 -1 -1 0 
111 3 347 112 123 413 -1 -1 -1 0 
112 1 621 203 228 450 -1 -1 -1 0 
112 2 165 105 140 432 -1 -1 -1 0 
112 3 348 108 122 413 -1 -1 -1 0 
113 1 622 208 221 440 -1 -1 -1 0 
113 2 161 100 145 437 -1 -1 -1 0 
113 3 347 106 123 410 -1 -1 -1 0 
114 1 630 215 194 446 -1 -1 -1 0 
114 2 157 101 153 436 -1 -1 -1 0 
114 3 346 103 122 416 -1 -1 -1 0 
115 1 629 206 188 460 -1 -1 -1 0 
115 2 157 102 153 436 -1 -1 -1 0 
115 3 344 104 125 417 -1 -1 -1 0 
116 1 636 202 177 468 -1 -1 -1 0 
116 2 157 101 153 436 -1 -1 -1 0 
116 3 345 105 123 414 -1 -1 -1 0 
117 1 638 207 166 464 -1 -1 -1 0 
117 2 156 101 152 437 -1 -1 -1 0 
117 3 345 103 122 413 -1 -1 -1 0 
118 1 620 211 192 466 -1 -1 -1 0 
118 2 160 101 144 437 -1 -1 -1 0 
118 3 346 100 121 418 -1 -1 -1 0 
119 1 614 230 183 440 -1 -1 -1 0 
119 2 158 103 145 434 -1 -1 -1 0 
119 3 345 101 125 417 -1 -1 -1 0 
120 1 608 293 174 377 -1 -1 -1 0 
120 2 157 101 146 440 -1 -1 -1 0 
120 3 345 99 124 421 -1 -1 -1 0 
121 1 615 237 168 439 -1 -1 -1 0 
121 2 150 97 153 452 -1 -1 -1 0 
121 3 338 103 133 421 -1 -1 -1 0 
121 5 909 190 160 297 -1 -1 -1 0 
122 1 607 216 208 463 -1 -1 -1 0 
122 2 149 97 154 455 -1 -1 -1 0 
122 3 336 104 134 422 -1 -1 -1 0 
122 5 910 189 158 296 -1 -1 -1 0 
123 1 601 212 228 464 -1 -1 -1 0 
123 2 149 102 153 448 -1 -1 -1 0 
123 3 333 103 136 423 -1 -1 -1 0 
123 5 906 188 164 298 -1 -1 -1 0 
124 1 602 211 230 465 -1 -1 -1 0 
124 2 150 105 151 444 -1 -1 -1 0 
124 3 332 103 136 424 -1 -1 -1 0 
124 5 905 187 165 299 -1 -1 -1 0 
125 1 604 216 225 458 -1 -1 -1 0 
125 2 149 107 153 441 -1 -1 -1 0 
125 3 331 104 136 423 -1 -1 -1 0 
125 5 902 188 169 299 -1 -1 -1 0 
126 1 601 215 229 458 -1 -1 -1 0 
126 2 149 108 150 440 -1 -1 -1 0 
126 3 332 103 134 425 -1 -1 -1 0 
126 5 905 189 163 297 -1 -1 -1 0 
127 1 601 219 226 462 -1 -1 -1 0 
127 2 148 107 151 442 -1 -1 -1 0 
127 3 333 104 133 425 -1 -1 -1 0 
127 5 903 188 165 299 -1 -1 -1 0 
128 1 601 222 222 463 -1 -1 -1 0 
128 2 148 106 150 443 -1 -1 -1 0 
128 3 332 105 135 422 -1 -1 -1 0 
128 5 905 188 164 299 -1 -1 -1 0 
129 1 615 217 200 466 -1 -1 -1 0 
129 2 146 104 152 443 -1 -1 -1 0 
129 3 333 106 133 417 -1 -1 -1 0 
129 5 911 189 157 298 -1 -1 -1 0 
130 1 613 216 204 468 -1 -1 -1 0 
130 2 146 102 152 444 -1 -1 -1 0 
130 3 332 107 134 415 -1 -1 -1 0 
130 5 910 189 158 297 -1 -1 -1 0 
131 1 614 217 205 465 -1 -1 -1 0 
131 2 149 102 149 442 -1 -1 -1 0 
131 3 338 113 124 405 -1 -1 -1 0 
131 5 910 190 158 295 -1 -1 -1 0 
132 1 618 221 199 461 -1 -1 -1 0 
132 2 148 101 149 441 -1 -1 -1 0 
132 3 334 108 129 411 -1 -1 -1 0 
132 5 914 191 152 294 -1 -1 -1 0 
133 1 627 221 189 462 -1 -1 -1 0 
133 2 152 96 142 446 -1 -1 -1 0 
133 3 330 103 135 417 -1 -1 -1 0 
133 5 913 192 152 291 -1 -1 -1 0 
134 1 624 223 196 462 -1 -1 -1 0 
134 2 150 97 146 443 -1 -1 -1 0 
134 3 326 100 139 420 -1 -1 -1 0 
134 5 911 192 155 293 -1 -1 -1 0 
135 1 622 224 202 462 -1 -1 -1 0 
135 2 149 100 148 439 -1 -1 -1 0 
135 3 329 108 131 410 -1 -1 -1 0 
135 5 912 192 152 294 -1 -1 -1 0 
136 1 620 223 205 464 -1 -1 -1 0 
136 2 149 101 147 437 -1 -1 -1 0 
136 3 329 112 132 403 -1 -1 -1 0 
136 5 908 192 158 294 -1 -1 -1 0 
137 1 619 225 204 471 -1 -1 -1 0 
137 2 149 103 147 433 -1 -1 -1 0 
137 3 330 113 131 402 -1 -1 -1 0 
137 5 906 192 160 294 -1 -1 -1 0 
138 1 617 219 202 479 -1 -1 -1 0 
138 2 151 103 144 436 -1 -1 -1 0 
138 3 332 113 127 402 -1 -1 -1 0 
138 5 905 192 161 295 -1 -1 -1 0 
139 1 616 215 191 479 -1 -1 -1 0 
139 2 152 104 142 436 -1 -1 -1 0 
139 3 332 112 124 404 -1 -1 -1 0 
139 5 907 192 158 295 -1 -1 -1 0 
140 1 617 214 174 478 -1 -1 -1 0 
140 2 154 102 140 441 -1 -1 -1 0 
140 3 331 114 124 401 -1 -1 -1 0 
140 5 908 195 157 294 -1 -1 -1 0 
141 1 617 211 163 480 -1 -1 -1 0 
141 2 154 98 140 445 -1 -1 -1 0 
141 3 332 113 121 402 -1 -1 -1 0 
141 5 912 196 152 292 -1 -1 -1 0 
142 1 617 216 157 473 -1 -1 -1 0 
142 2 155 94 140 448 -1 -1 -1 0 
142 3 330 112 124 400 -1 -1 -1 0 
142 5 912 197 152 292 -1 -1 -1 0 
143 1 616 216 166 472 -1 -1 -1 0 
143 2 154 88 140 455 -1 -1 -1 0 
143 3 330 114 124 397 -1 -1 -1 0 
143 5 911 200 154 289 -1 -1 -1 0 
144 1 618 215 172 469 -1 -1 -1 0 
144 2 152 93 143 443 -1 -1 -1 0 
144 3 331 117 122 394 -1 -1 -1 0 
144 5 913 202 151 287 -1 -1 -1 0 
145 1 624 217 165 461 -1 -1 -1 0 
145 2 153 92 143 438 -1 -1 -1 0 
145 3 332 120 122 391 -1 -1 -1 0 
145 5 918 205 144 284 -1 -1 -1 0 
146 1 621 211 168 467 -1 -1 -1 0 
146 2 151 93 146 437 -1 -1 -1 0 
146 3 332 116 123 396 -1 -1 -1 0 
146 5 917 204 145 287 -1 -1 -1 0 
147 1 621 206 170 475 -1 -1 -1 0 
147 2 150 96 144 440 -1 -1 -1 0 
147 3 330 110 127 405 -1 -1 -1 0 
147 5 913 202 151 291 -1 -1 -1 0 
148 1 625 199 171 480 -1 -1 -1 0 
148 2 150 95 141 444 -1 -1 -1 0 
148 3 327 108 132 409 -1 -1 -1 0 
148 5 911 201 153 292 -1 -1 -1 0 
149 1 635 156 159 522 -1 -1 -1 0 
149 2 146 93 143 447 -1 -1 -1 0 
149 3 328 105 131 414 -1 -1 -1 0 
149 5 910 201 154 291 -1 -1 -1 0 
150 1 637 157 153 513 -1 -1 -1 0 
150 2 144 92 146 449 -1 -1 -1 0 
150 3 328 106 130 413 -1 -1 -1 0 
150 5 915 201 147 291 -1 -1 -1 0 
151 1 627 96 165 558 -1 -1 -1 0 
151 2 144 97 149 446 -1 -1 -1 0 
151 3 321 103 135 415 -1 -1 -1 0 
151 5 908 204 157 292 -1 -1 -1 0 
152 1 626 72 166 577 -1 -1 -1 0 
152 2 145 100 148 441 -1 -1 -1 0 
152 3 318 101 136 418 -1 -1 -1 0 
152 5 907 206 155 293 -1 -1 -1 0 
153 1 629 60 165 585 -1 -1 -1 0 
153 2 146 101 147 441 -1 -1 -1 0 
153 3 318 99 135 419 -1 -1 -1 0 
153 5 908 208 154 291 -1 -1 -1 0 
154 1 635 69 153 573 -1 -1 -1 0 
154 2 147 100 145 441 -1 -1 -1 0 
154 3 317 98 136 420 -1 -1 -1 0 
154 5 910 209 153 289 -1 -1 -1 0 
155 1 628 63 167 579 -1 -1 -1 0 
155 2 145 106 149 431 -1 -1 -1 0 
155 5 916 212 143 285 -1 -1 -1 0 
156 1 624 50 173 595 -1 -1 -1 0 
156 2 144 107 146 429 -1 -1 -1 0 
156 3 318 102 132 418 -1 -1 -1 0 
156 5 909 212 151 285 -1 -1 -1 0 
157 1 623 47 176 602 -1 -1 -1 0 
157 2 146 97 140 442 -1 -1 -1 0 
157 3 318 118 133 399 -1 -1 -1 0 
157 5 909 213 151 284 -1 -1 -1 0 
158 1 629 49 169 606 -1 -1 -1 0 
158 2 141 103 138 434 -1 -1 -1 0 
158 3 319 124 132 393 -1 -1 -1 0 
158 5 907 211 151 281 -1 -1 -1 0 
159 1 626 46 176 614 -1 -1 -1 0 
159 2 139 104 137 434 -1 -1 -1 0 
159 3 318 126 133 391 -1 -1 -1 0 
159 5 902 211 156 281 -1 -1 -1 0 
160 1 625 49 179 615 -1 -1 -1 0 
160 2 138 105 137 435 -1 -1 -1 0 
160 5 903 211 152 280 -1 -1 -1 0 
161 1 626 49 179 618 -1 -1 -1 0 
161 2 136 109 139 434 -1 -1 -1 0 
161 5 906 212 147 278 -1 -1 -1 0 
162 1 622 53 184 610 -1 -1 -1 0 
162 2 135 110 140 431 -1 -1 -1 0 
162 5 909 213 143 276 -1 -1 -1 0 
163 1 626 56 182 614 -1 -1 -1 0 
163 2 131 107 143 432 -1 -1 -1 0 
163 5 911 212 141 277 -1 -1 -1 0 
164 1 625 60 190 610 -1 -1 -1 0 
164 2 129 102 144 437 -1 -1 -1 0 
164 5 911 213 140 275 -1 -1 -1 0 
165 1 629 61 188 612 -1 -1 -1 0 
165 2 127 98 147 438 -1 -1 -1 0 
165 5 911 209 137 275 -1 -1 -1 0 
166 1 629 71 193 609 -1 -1 -1 0 
166 2 121 95 155 443 -1 -1 -1 0 
166 5 909 205 138 278 -1 -1 -1 0 
167 1 635 106 189 573 -1 -1 -1 0 
167 2 120 97 155 443 -1 -1 -1 0 
167 5 904 204 147 278 -1 -1 -1 0 
168 1 641 148 180 524 -1 -1 -1 0 
168 2 121 92 153 451 -1 -1 -1 0 
168 5 903 202 149 281 -1 -1 -1 0 
169 1 654 184 155 489 -1 -1 -1 0 
169 2 120 89 151 456 -1 -1 -1 0 
169 5 910 203 138 280 -1 -1 -1 0 
170 1 651 199 164 476 -1 -1 -1 0 
170 2 118 88 154 455 -1 -1 -1 0 
170 5 853 198 207 288 -1 -1 -1 0 
171 1 647 201 183 475 -1 -1 -1 0 
171 2 121 87 149 456 -1 -1 -1 0 
171 5 910 205 128 277 -1 -1 -1 0 
172 1 646 206 207 477 -1 -1 -1 0 
172 2 123 89 145 450 -1 -1 -1 0 
172 5 866 197 181 291 -1 -1 -1 0 
173 1 656 213 196 469 -1 -1 -1 0 
173 2 126 95 141 440 -1 -1 -1 0 
173 3 305 116 123 411 -1 -1 -1 0 
173 5 863 192 182 297 -1 -1 -1 0 
174 1 659 215 193 466 -1 -1 -1 0 
174 2 127 95 140 440 -1 -1 -1 0 
174 3 305 116 122 410 -1 -1 -1 0 
174 5 861 191 183 298 -1 -1 -1 0 
175 1 657 217 182 464 -1 -1 -1 0 
175 2 127 91 140 446 -1 -1 -1 0 
175 3 301 111 128 417 -1 -1 -1 0 
175 5 869 194 170 298 -1 -1 -1 0 
176 1 652 215 190 463 -1 -1 -1 0 
176 2 122 88 146 452 -1 -1 -1 0 
176 3 298 112 134 415 -1 -1 -1 0 
176 5 872 194 166 297 -1 -1 -1 0 
177 1 647 223 196 452 -1 -1 -1 0 
177 2 119 87 146 453 -1 -1 -1 0 
177 3 299 115 132 411 -1 -1 -1 0 
177 5 870 193 166 299 -1 -1 -1 0 
178 1 646 221 195 459 -1 -1 -1 0 
178 2 118 90 146 446 -1 -1 -1 0 
178 3 298 118 134 408 -1 -1 -1 0 
178 5 869 194 169 295 -1 -1 -1 0 
179 1 653 223 198 464 -1 -1 -1 0 
179 2 119 90 144 449 -1 -1 -1 0 
179 3 301 119 131 407 -1 -1 -1 0 
179 5 872 195 166 291 -1 -1 -1 0 
180 1 670 221 178 467 -1 -1 -1 0 
180 2 117 99 149 443 -1 -1 -1 0 
180 3 299 119 133 406 -1 -1 -1 0 
180 5 867 199 172 290 -1 -1 -1 0 
183 1 680 207 190 487 -1 -1 -1 0 
184 1 690 214 189 460 -1 -1 -1 0 
185 1 704 208 171 462 -1 -1 -1 0 
185 2 114 94 146 442 -1 -1 -1 0 
186 1 726 197 151 473 -1 -1 -1 0 
186 2 107 94 150 447 -1 -1 -1 0 
187 1 740 188 149 473 -1 -1 -1 0 
187 2 102 96 153 442 -1 -1 -1 0 
187 3 433 121 136 339 -1 -1 -1 0 
188 1 746 187 154 471 -1 -1 -1 0 
188 2 98 94 151 450 -1 -1 -1 0 
188 3 446 122 135 332 -1 -1 -1 0 
189 1 745 189 168 467 -1 -1 -1 0 
189 2 88 89 151 454 -1 -1 -1 0 
189 3 455 107 126 346 -1 -1 -1 0 
189 6 1227 256 52 239 -1 -1 -1 0 
190 1 745 195 170 454 -1 -1 -1 0 
190 2 81 82 147 461 -1 -1 -1 0 
190 3 456 104 123 348 -1 -1 -1 0 
190 6 1223 252 56 241 -1 -1 -1 0 
191 1 744 197 175 456 -1 -1 -1 0 
191 2 72 78 146 467 -1 -1 -1 0 
191 3 452 102 126 350 -1 -1 -1 0 
191 6 1220 253 59 242 -1 -1 -1 0 
192 1 743 200 177 458 -1 -1 -1 0 
192 2 64 75 153 470 -1 -1 -1 0 
192 3 462 100 125 347 -1 -1 -1 0 
192 6 1215 256 63 237 -1 -1 -1 0 
193 1 739 204 171 451 -1 -1 -1 0 
193 2 57 76 162 467 -1 -1 -1 0 
193 6 1210 262 68 226 -1 -1 -1 0 
194 1 736 203 171 452 -1 -1 -1 0 
194 2 56 71 156 470 -1 -1 -1 0 
194 6 1199 262 75 220 -1 -1 -1 0 
195 1 732 206 179 451 -1 -1 -1 0 
195 2 47 79 162 465 -1 -1 -1 0 
195 6 1191 265 80 216 -1 -1 -1 0 
196 1 734 210 182 446 -1 -1 -1 0 
196 2 38 92 160 450 -1 -1 -1 0 
196 6 1180 265 94 214 -1 -1 -1 0 
197 1 730 214 193 442 -1 -1 -1 0 
197 2 28 91 161 451 -1 -1 -1 0 
197 6 1176 266 95 211 -1 -1 -1 0 
197 9 218 104 130 405 -1 -1 -1 0 
198 1 728 209 203 447 -1 -1 -1 0 
198 2 21 83 164 463 -1 -1 -1 0 
198 6 1169 267 103 211 -1 -1 -1 0 
198 9 212 89 134 429 -1 -1 -1 0 
199 1 724 201 221 465 -1 -1 -1 0 
199 2 15 87 159 463 -1 -1 -1 0 
199 3 368 107 146 352 -1 -1 -1 0 
199 6 1158 267 117 211 -1 -1 -1 0 
199 9 206 86 137 434 -1 -1 -1 0 
200 1 723 195 227 474 -1 -1 -1 0 
200 2 11 95 152 449 -1 -1 -1 0 
200 3 355 117 146 345 -1 -1 -1 0 
200 6 1150 269 126 208 -1 -1 -1 0 
200 9 197 95 141 427 -1 -1 -1 0 
201 1 724 194 230 476 -1 -1 -1 0 
201 2 7 94 152 448 -1 -1 -1 0 
201 3 352 117 135 346 -1 -1 -1 0 
201 6 1147 270 130 208 -1 -1 -1 0 
201 9 192 96 140 429 -1 -1 -1 0 
202 1 714 193 250 476 -1 -1 -1 0 
202 2 6 99 149 444 -1 -1 -1 0 
202 3 344 124 141 341 -1 -1 -1 0 
202 6 1142 267 133 209 -1 -1 -1 0 
202 9 186 96 143 430 -1 -1 -1 0 
203 1 713 195 254 477 -1 -1 -1 0 
203 2 3 97 146 446 -1 -1 -1 0 
203 3 343 131 141 334 -1 -1 -1 0 
203 6 1141 268 115 212 -1 -1 -1 0 
203 9 177 98 145 423 -1 -1 -1 0 
204 1 710 192 266 479 -1 -1 -1 0 
204 2 0 101 136 444 -1 -1 -1 0 
204 3 353 133 120 330 -1 -1 -1 0 
204 6 1122 262 136 219 -1 -1 -1 0 
204 9 168 93 150 425 -1 -1 -1 0 
205 1 710 189 265 483 -1 -1 -1 0 
205 2 0 93 126 460 -1 -1 -1 0 
205 3 351 135 119 328 -1 -1 -1 0 
205 6 1119 254 150 226 -1 -1 -1 0 
205 9 163 86 153 434 -1 -1 -1 0 
206 1 698 194 269 481 -1 -1 -1 0 
206 2 0 88 119 468 -1 -1 -1 0 
206 6 1113 252 154 227 -1 -1 -1 0 
206 9 161 85 149 433 -1 -1 -1 0 
207 1 694 189 258 489 -1 -1 -1 0 
207 2 0 93 112 469 -1 -1 -1 0 
207 9 155 84 151 435 -1 -1 -1 0 
208 1 690 188 249 492 -1 -1 -1 0 
208 2 0 88 109 478 -1 -1 -1 0 
208 6 1100 256 93 226 -1 -1 -1 0 
209 1 697 204 230 486 -1 -1 -1 0 
209 2 0 84 107 484 -1 -1 -1 0 
209 6 1093 255 93 227 -1 -1 -1 0 
210 1 687 205 238 474 -1 -1 -1 0 
210 2 0 83 103 479 -1 -1 -1 0 
211 1 684 185 238 492 -1 -1 -1 0 
211 2 0 95 106 456 -1 -1 -1 0 
212 1 687 177 228 497 -1 -1 -1 0 
212 2 0 105 101 433 -1 -1 -1 0 
213 1 688 173 230 503 -1 -1 -1 0 
213 2 0 110 98 419 -1 -1 -1 0 
213 6 1074 243 100 236 -1 -1 -1 0 
214 1 681 170 219 509 -1 -1 -1 0 
214 2 0 113 95 410 -1 -1 -1 0 
214 6 1072 248 102 226 -1 -1 -1 0 
215 1 668 166 209 511 -1 -1 -1 0 
215 2 0 115 91 405 -1 -1 -1 0 
215 6 1067 248 101 226 -1 -1 -1 0 
215 10 1204 175 75 309 -1 -1 -1 0 
216 1 652 164 220 511 -1 -1 -1 0 
216 10 1203 172 76 311 -1 -1 -1 0 
217 1 635 162 215 506 -1 -1 -1 0 
217 10 1203 171 76 312 -1 -1 -1 0 
218 1 625 165 213 500 -1 -1 -1 0 
219 1 611 171 214 460 -1 -1 -1 0 
219 9 104 121 145 402 -1 -1 -1 0 
219 10 1196 179 83 303 -1 -1 -1 0 
220 1 596 189 210 431 -1 -1 -1 0 
220 3 741 193 101 269 -1 -1 -1 0 
220 9 100 124 144 399 -1 -1 -1 0 
220 10 1195 179 84 303 -1 -1 -1 0 
221 1 592 187 201 445 -1 -1 -1 0 
221 3 763 197 100 265 -1 -1 -1 0 
221 9 101 121 142 400 -1 -1 -1 0 
222 1 591 192 187 452 -1 -1 -1 0 
222 2 0 128 88 370 -1 -1 -1 0 
222 3 759 191 103 272 -1 -1 -1 0 
222 9 100 121 142 400 -1 -1 -1 0 
223 1 577 193 185 464 -1 -1 -1 0 
223 2 0 130 87 365 -1 -1 -1 0 
223 3 755 186 110 278 -1 -1 -1 0 
223 9 103 109 133 408 -1 -1 -1 0 
223 10 1199 175 80 305 -1 -1 -1 0 
224 1 570 192 187 469 -1 -1 -1 0 
224 3 754 184 110 280 -1 -1 -1 0 
224 9 103 104 133 413 -1 -1 -1 0 
224 10 1199 175 80 305 -1 -1 -1 0 
225 1 564 185 190 491 -1 -1 -1 0 
225 3 752 181 114 282 -1 -1 -1 0 
225 9 100 103 132 413 -1 -1 -1 0 
225 10 1198 175 81 305 -1 -1 -1 0 
226 1 551 181 206 488 -1 -1 -1 0 
226 3 745 170 122 293 -1 -1 -1 0 
226 10 1198 173 81 306 -1 -1 -1 0 
227 1 551 173 203 496 -1 -1 -1 0 
227 2 0 124 66 324 -1 -1 -1 0 
227 3 744 164 123 299 -1 -1 -1 0 
227 9 102 108 127 406 -1 -1 -1 0 
227 10 1198 170 81 309 -1 -1 -1 0 
228 1 546 173 199 498 -1 -1 -1 0 
228 2 0 122 67 324 -1 -1 -1 0 
228 3 753 175 113 288 -1 -1 -1 0 
228 9 98 105 131 410 -1 -1 -1 0 
228 10 1200 169 79 309 -1 -1 -1 0 
229 1 526 172 216 493 -1 -1 -1 0 
229 2 0 123 64 317 -1 -1 -1 0 
229 3 766 175 113 289 -1 -1 -1 0 
229 9 98 104 131 412 -1 -1 -1 0 
229 10 1200 168 79 311 -1 -1 -1 0 
230 1 507 177 232 469 -1 -1 -1 0 
230 9 96 103 132 413 -1 -1 -1 0 
230 10 1200 168 79 312 -1 -1 -1 0 
231 1 498 180 219 447 -1 -1 -1 0 
231 9 96 100 133 416 -1 -1 -1 0 
231 10 1200 169 79 311 -1 -1 -1 0 
232 1 509 184 188 448 -1 -1 -1 0 
232 9 92 98 135 418 -1 -1 -1 0 
232 10 1201 168 78 313 -1 -1 -1 0 
233 1 493 180 204 456 -1 -1 -1 0 
233 9 87 97 137 418 -1 -1 -1 0 
233 10 1201 169 78 312 -1 -1 -1 0 
234 1 491 180 202 460 -1 -1 -1 0 
234 3 745 178 107 304 -1 -1 -1 0 
234 9 87 97 134 418 -1 -1 -1 0 
234 10 1201 169 78 312 -1 -1 -1 0 
235 1 484 177 209 467 -1 -1 -1 0 
235 3 735 177 116 310 -1 -1 -1 0 
235 9 85 98 133 417 -1 -1 -1 0 
235 10 1202 168 77 312 -1 -1 -1 0 
236 1 487 174 198 480 -1 -1 -1 0 
236 3 731 172 119 317 -1 -1 -1 0 
236 9 84 99 134 417 -1 -1 -1 0 
236 10 1201 166 78 314 -1 -1 -1 0 
237 1 474 175 217 485 -1 -1 -1 0 
237 3 729 174 122 316 -1 -1 -1 0 
237 6 1070 231 103 231 -1 -1 -1 0 
237 9 82 107 138 416 -1 -1 -1 0 
237 10 1200 165 79 316 -1 -1 -1 0 
238 1 481 177 202 491 -1 -1 -1 0 
238 3 727 174 122 314 -1 -1 -1 0 
238 6 1070 231 104 231 -1 -1 -1 0 
238 9 80 111 142 414 -1 -1 -1 0 
238 10 1200 164 79 318 -1 -1 -1 0 
239 1 479 178 206 479 -1 -1 -1 0 
239 3 720 176 130 311 -1 -1 -1 0 
239 6 1070 231 104 231 -1 -1 -1 0 
239 9 77 113 145 412 -1 -1 -1 0 
239 10 1199 166 80 316 -1 -1 -1 0 
240 1 477 177 210 472 -1 -1 -1 0 
240 3 722 176 131 313 -1 -1 -1 0 
240 9 76 108 144 412 -1 -1 -1 0 
240 10 1198 169 81 314 -1 -1 -1 0 
241 1 488 164 186 473 -1 -1 -1 0 
241 3 704 172 150 318 -1 -1 -1 0 
241 9 83 115 131 403 -1 -1 -1 0 
241 10 1204 154 75 296 -1 -1 -1 0 
242 1 499 161 166 472 -1 -1 -1 0 
242 3 703 172 154 320 -1 -1 -1 0 
242 9 84 118 129 400 -1 -1 -1 0 
242 10 1205 148 74 291 -1 -1 -1 0 
243 1 508 159 155 475 -1 -1 -1 0 
243 9 84 118 128 400 -1 -1 -1 0 
243 10 1205 148 74 286 -1 -1 -1 0 
244 1 512 155 151 482 -1 -1 -1 0 
244 9 85 119 125 398 -1 -1 -1 0 
244 10 1205 147 74 289 -1 -1 -1 0 
245 1 515 154 145 474 -1 -1 -1 0 
245 9 86 120 121 396 -1 -1 -1 0 
245 10 1204 147 75 284 -1 -1 -1 0 
246 1 519 152 140 468 -1 -1 -1 0 
246 9 85 120 121 397 -1 -1 -1 0 
246 10 1204 145 75 284 -1 -1 -1 0 
247 1 518 151 144 476 -1 -1 -1 0 
247 9 85 118 123 399 -1 -1 -1 0 
247 10 1205 144 74 283 -1 -1 -1 0 
248 1 520 150 141 478 -1 -1 -1 0 
248 9 84 111 127 408 -1 -1 -1 0 
248 10 1206 144 73 283 -1 -1 -1 0 
249 1 519 150 144 475 -1 -1 -1 0 
249 9 85 112 124 409 -1 -1 -1 0 
249 10 1210 145 69 283 -1 -1 -1 0 
250 1 518 149 153 477 -1 -1 -1 0 
250 9 86 119 120 406 -1 -1 -1 0 
250 10 1210 145 69 281 -1 -1 -1 0 
251 1 518 146 152 478 -1 -1 -1 0 
251 9 85 126 119 400 -1 -1 -1 0 
251 10 1210 145 69 279 -1 -1 -1 0 
252 1 518 139 156 496 -1 -1 -1 0 
252 9 85 130 118 397 -1 -1 -1 0 
252 10 1213 144 66 275 -1 -1 -1 0 
253 1 518 138 148 498 -1 -1 -1 0 
253 9 84 135 117 392 -1 -1 -1 0 
253 10 1214 143 65 274 -1 -1 -1 0 
254 1 516 138 146 498 -1 -1 -1 0 
254 3 686 159 177 338 -1 -1 -1 0 
254 9 84 141 118 384 -1 -1 -1 0 
255 1 512 139 160 501 -1 -1 -1 0 
255 3 687 160 178 337 -1 -1 -1 0 
255 9 83 136 119 387 -1 -1 -1 0 
256 1 513 138 144 506 -1 -1 -1 0 
256 3 686 159 180 338 -1 -1 -1 0 
256 9 83 132 117 391 -1 -1 -1 0 
257 1 509 137 147 514 -1 -1 -1 0 
257 9 81 121 120 404 -1 -1 -1 0 
258 1 503 137 154 511 -1 -1 -1 0 
258 3 690 158 176 340 -1 -1 -1 0 
258 9 79 107 125 421 -1 -1 -1 0 
259 1 502 139 153 498 -1 -1 -1 0 
259 3 689 158 176 340 -1 -1 -1 0 
259 9 78 104 126 426 -1 -1 -1 0 
260 1 497 144 155 494 -1 -1 -1 0 
260 3 688 158 178 340 -1 -1 -1 0 
260 9 77 108 128 422 -1 -1 -1 0 
261 1 492 148 158 482 -1 -1 -1 0 
261 9 76 106 129 424 -1 -1 -1 0 
262 1 479 151 177 479 -1 -1 -1 0 
262 9 74 99 127 433 -1 -1 -1 0 
263 1 476 151 178 480 -1 -1 -1 0 
263 3 696 163 173 333 -1 -1 -1 0 
263 9 75 101 125 433 -1 -1 -1 0 
264 1 473 143 188 499 -1 -1 -1 0 
264 3 708 153 161 341 -1 -1 -1 0 
264 9 73 102 127 432 -1 -1 -1 0 
265 1 480 139 175 502 -1 -1 -1 0 
265 3 704 150 171 344 -1 -1 -1 0 
265 9 76 113 124 422 -1 -1 -1 0 
266 1 483 136 174 506 -1 -1 -1 0 
266 3 705 149 171 345 -1 -1 -1 0 
266 9 77 104 125 434 -1 -1 -1 0 
267 1 490 131 168 514 -1 -1 -1 0 
267 9 77 99 128 444 -1 -1 -1 0 
268 1 497 133 163 515 -1 -1 -1 0 
268 9 79 99 128 443 -1 -1 -1 0 
269 1 502 130 154 520 -1 -1 -1 0 
269 9 81 111 125 427 -1 -1 -1 0 
270 1 502 128 161 523 -1 -1 -1 0 
270 9 83 116 124 420 -1 -1 -1 0 
271 1 493 136 184 522 -1 -1 -1 0 
271 9 77 108 142 430 -1 -1 -1 0 
272 1 492 142 189 518 -1 -1 -1 0 
272 9 77 104 147 434 -1 -1 -1 0 
273 1 500 149 179 518 -1 -1 -1 0 
273 9 78 97 146 435 -1 -1 -1 0 
274 1 501 152 179 518 -1 -1 -1 0 
274 9 80 102 144 432 -1 -1 -1 0 
275 1 508 153 171 518 -1 -1 -1 0 
275 9 80 102 145 434 -1 -1 -1 0 
276 1 510 156 175 513 -1 -1 -1 0 
276 9 78 98 150 436 -1 -1 -1 0 
277 1 517 159 172 506 -1 -1 -1 0 
277 9 78 94 151 443 -1 -1 -1 0 
278 1 528 163 162 502 -1 -1 -1 0 
278 9 79 94 149 451 -1 -1 -1 0 
279 1 528 159 165 506 -1 -1 -1 0 
279 9 74 92 159 446 -1 -1 -1 0 
280 1 529 155 162 515 -1 -1 -1 0 
280 9 79 98 147 441 -1 -1 -1 0 
281 1 528 154 169 524 -1 -1 -1 0 
281 9 79 102 146 436 -1 -1 -1 0 
282 1 532 150 168 524 -1 -1 -1 0 
282 9 79 103 147 435 -1 -1 -1 0 
283 1 521 149 188 522 -1 -1 -1 0 
283 9 79 104 148 434 -1 -1 -1 0 
284 1 494 149 227 523 -1 -1 -1 0 
284 9 79 105 152 433 -1 -1 -1 0 
285 1 490 151 247 520 -1 -1 -1 0 
285 9 77 105 156 434 -1 -1 -1 0 
286 1 521 153 192 514 -1 -1 -1 0 
286 9 77 107 155 432 -1 -1 -1 0 
287 1 525 162 189 506 -1 -1 -1 0 
287 3 762 148 176 346 -1 -1 -1 0 
287 9 74 101 158 433 -1 -1 -1 0 
288 1 531 169 176 497 -1 -1 -1 0 
288 3 766 150 173 343 -1 -1 -1 0 
288 9 72 97 159 435 -1 -1 -1 0 
289 1 543 169 161 502 -1 -1 -1 0 
289 3 768 150 174 343 -1 -1 -1 0 
289 9 73 94 153 436 -1 -1 -1 0 
290 1 551 170 154 498 -1 -1 -1 0 
290 9 73 90 151 442 -1 -1 -1 0 
291 1 554 168 159 499 -1 -1 -1 0 
291 9 71 87 155 447 -1 -1 -1 0 
292 1 557 163 163 499 -1 -1 -1 0 
292 9 69 85 158 448 -1 -1 -1 0 
293 1 559 161 165 499 -1 -1 -1 0 
293 9 70 90 157 442 -1 -1 -1 0 
294 1 566 163 158 507 -1 -1 -1 0 
294 9 70 92 158 447 -1 -1 -1 0 
294 15 1171 234 104 250 -1 -1 -1 0 
295 1 572 163 157 512 -1 -1 -1 0 
295 9 66 89 165 452 -1 -1 -1 0 
295 15 1173 233 102 248 -1 -1 -1 0 
296 1 579 158 152 517 -1 -1 -1 0 
296 9 67 89 162 453 -1 -1 -1 0 
296 15 1177 233 98 245 -1 -1 -1 0 
297 1 582 157 155 524 -1 -1 -1 0 
297 9 69 92 155 449 -1 -1 -1 0 
297 15 1179 233 96 244 -1 -1 -1 0 
298 1 585 157 153 527 -1 -1 -1 0 
298 9 71 95 150 442 -1 -1 -1 0 
299 1 586 158 154 527 -1 -1 -1 0 
299 9 71 95 150 442 -1 -1 -1 0 
300 1 585 158 174 527 -1 -1 -1 0 
300 9 76 109 133 421 -1 -1 -1 0 
300 15 1179 231 96 249 -1 -1 -1 0 
